Meldedatum;"Anzahl Fälle";7-Tages-Inzidenz;Todesfälle
04.02.2020;1;0;0
05.02.2020;0;0;0
06.02.2020;0;0;0
07.02.2020;0;0;0
08.02.2020;0;0;0
09.02.2020;0;0;0
10.02.2020;0;0;0
11.02.2020;0;0;0
12.02.2020;0;0;0
13.02.2020;0;0;0
14.02.2020;0;0;0
15.02.2020;0;0;0
16.02.2020;0;0;0
17.02.2020;0;0;0
18.02.2020;0;0;0
19.02.2020;0;0;0
20.02.2020;0;0;0
21.02.2020;0;0;0
22.02.2020;0;0;0
23.02.2020;0;0;0
24.02.2020;0;0;0
25.02.2020;0;0;0
26.02.2020;0;0;0
27.02.2020;0;0;0
28.02.2020;0;0;0
29.02.2020;0;0;0
01.03.2020;1;0;0
02.03.2020;2;0;0
03.03.2020;6;0;0
04.03.2020;4;0.1;0
05.03.2020;6;0.2;0
06.03.2020;7;0.2;0
07.03.2020;8;0.3;0
08.03.2020;4;0.4;0
09.03.2020;14;0.5;0
10.03.2020;34;0.6;1
11.03.2020;62;1;0
12.03.2020;68;1.7;1
13.03.2020;91;2.5;0
14.03.2020;77;3.5;0
15.03.2020;68;4.4;1
16.03.2020;157;5.2;0
17.03.2020;176;7;1
18.03.2020;272;8.7;5
19.03.2020;249;11.4;2
20.03.2020;265;13.6;7
21.03.2020;179;15.8;4
22.03.2020;108;17.1;0
23.03.2020;243;17.6;5
24.03.2020;294;18.7;6
25.03.2020;377;20.1;17
26.03.2020;372;21.5;11
27.03.2020;411;23;36
28.03.2020;346;24.8;25
29.03.2020;178;26.9;16
30.03.2020;311;27.8;21
31.03.2020;358;28.6;15
01.04.2020;368;29.4;20
02.04.2020;332;29.3;22
03.04.2020;388;28.8;32
04.04.2020;223;28.5;20
05.04.2020;142;27;9
06.04.2020;230;26.5;25
07.04.2020;372;25.5;19
08.04.2020;334;25.7;27
09.04.2020;313;25.3;18
10.04.2020;260;25;16
11.04.2020;128;23.4;9
12.04.2020;150;22.3;12
13.04.2020;80;22.4;11
14.04.2020;166;20.5;19
15.04.2020;226;17.9;21
16.04.2020;242;16.6;11
17.04.2020;197;15.7;11
18.04.2020;142;14.9;7
19.04.2020;96;15;9
20.04.2020;131;14.4;11
21.04.2020;162;15;10
22.04.2020;160;15;8
23.04.2020;140;14.1;12
24.04.2020;118;12.9;7
25.04.2020;66;11.9;3
26.04.2020;49;10.9;2
27.04.2020;75;10.3;10
28.04.2020;101;9.6;7
29.04.2020;85;8.9;8
30.04.2020;84;7.9;7
01.05.2020;39;7.2;0
02.05.2020;36;6.2;0
03.05.2020;14;5.9;0
04.05.2020;93;5.4;8
05.05.2020;80;5.7;7
06.05.2020;94;5.4;2
07.05.2020;87;5.5;1
08.05.2020;74;5.5;3
09.05.2020;29;6;2
10.05.2020;10;5.9;1
11.05.2020;48;5.8;1
12.05.2020;50;5.3;4
13.05.2020;79;4.9;4
14.05.2020;40;4.7;1
15.05.2020;41;4.1;3
16.05.2020;22;3.7;1
17.05.2020;9;3.6;1
18.05.2020;69;3.6;3
19.05.2020;63;3.9;5
20.05.2020;94;4;1
21.05.2020;50;4.2;0
22.05.2020;95;4.4;4
23.05.2020;37;5;1
24.05.2020;9;5.2;0
25.05.2020;46;5.2;1
26.05.2020;60;4.9;2
27.05.2020;123;4.9;0
28.05.2020;76;5.3;1
29.05.2020;64;5.6;1
30.05.2020;59;5.2;1
31.05.2020;23;5.5;1
01.06.2020;42;5.6;0
02.06.2020;56;5.6;1
03.06.2020;121;5.5;1
04.06.2020;100;5.5;1
05.06.2020;93;5.8;0
06.06.2020;60;6.2;0
07.06.2020;32;6.2;0
08.06.2020;55;6.3;1
09.06.2020;76;6.5;0
10.06.2020;64;6.7;1
11.06.2020;50;6;0
12.06.2020;75;5.4;4
13.06.2020;30;5.2;0
14.06.2020;13;4.8;0
15.06.2020;37;4.5;1
16.06.2020;59;4.3;1
17.06.2020;55;4.1;4
18.06.2020;84;4;2
19.06.2020;77;4.4;0
20.06.2020;43;4.4;0
21.06.2020;12;4.6;0
22.06.2020;16;4.6;0
23.06.2020;71;4.3;1
24.06.2020;34;4.5;0
25.06.2020;41;4.2;0
26.06.2020;39;3.7;2
27.06.2020;29;3.2;0
28.06.2020;14;3;0
29.06.2020;32;3.1;1
30.06.2020;26;3.3;0
01.07.2020;34;2.7;0
02.07.2020;33;2.7;1
03.07.2020;32;2.6;0
04.07.2020;6;2.5;1
05.07.2020;17;2.2;1
06.07.2020;28;2.3;1
07.07.2020;14;2.2;0
08.07.2020;19;2.1;1
09.07.2020;14;1.9;0
10.07.2020;11;1.6;0
11.07.2020;3;1.4;0
12.07.2020;2;1.3;0
13.07.2020;21;1.1;0
14.07.2020;30;1.1;1
15.07.2020;30;1.3;0
16.07.2020;26;1.4;1
17.07.2020;40;1.5;0
18.07.2020;76;1.9;0
19.07.2020;11;2.8;0
20.07.2020;20;2.9;0
21.07.2020;65;2.9;0
22.07.2020;56;3.4;0
23.07.2020;29;3.7;0
24.07.2020;22;3.7;1
25.07.2020;33;3.5;0
26.07.2020;21;3;0
27.07.2020;27;3.1;0
28.07.2020;63;3.2;0
29.07.2020;51;3.1;0
30.07.2020;61;3.1;1
31.07.2020;60;3.5;1
01.08.2020;62;4;0
02.08.2020;15;4.3;0
03.08.2020;65;4.2;0
04.08.2020;61;4.7;0
05.08.2020;77;4.7;0
06.08.2020;83;5;0
07.08.2020;92;5.3;1
08.08.2020;40;5.7;0
09.08.2020;16;5.4;0
10.08.2020;90;5.4;0
11.08.2020;63;5.7;0
12.08.2020;108;5.8;1
13.08.2020;91;6.2;0
14.08.2020;76;6.3;0
15.08.2020;58;6.1;1
16.08.2020;17;6.3;1
17.08.2020;104;6.3;1
18.08.2020;157;6.5;2
19.08.2020;149;7.6;0
20.08.2020;85;8.2;1
21.08.2020;104;8.1;0
22.08.2020;47;8.4;0
23.08.2020;16;8.3;0
24.08.2020;125;8.3;1
25.08.2020;115;8.5;0
26.08.2020;100;8;1
27.08.2020;112;7.4;1
28.08.2020;83;7.7;0
29.08.2020;64;7.5;0
30.08.2020;31;7.7;0
31.08.2020;66;7.9;0
01.09.2020;98;7.1;0
02.09.2020;102;6.9;0
03.09.2020;97;7;0
04.09.2020;92;6.8;0
05.09.2020;66;6.9;0
06.09.2020;28;6.9;1
07.09.2020;112;6.9;0
08.09.2020;75;7.4;5
09.09.2020;110;7.2;1
10.09.2020;102;7.3;0
11.09.2020;121;7.3;2
12.09.2020;84;7.7;0
13.09.2020;78;7.9;1
14.09.2020;115;8.5;0
15.09.2020;199;8.6;2
16.09.2020;180;10.1;2
17.09.2020;171;11;1
18.09.2020;205;11.9;0
19.09.2020;100;12.9;1
20.09.2020;68;13.1;3
21.09.2020;91;13;1
22.09.2020;143;12.7;1
23.09.2020;192;12;1
24.09.2020;191;12.1;3
25.09.2020;166;12.4;0
26.09.2020;170;11.9;8
27.09.2020;56;12.8;0
28.09.2020;123;12.6;2
29.09.2020;141;13;2
30.09.2020;209;13;1
01.10.2020;267;13.2;1
02.10.2020;249;14.2;3
03.10.2020;214;15.2;1
04.10.2020;120;15.8;0
05.10.2020;122;16.6;2
06.10.2020;310;16.5;3
07.10.2020;387;18.7;3
08.10.2020;362;20.9;3
09.10.2020;339;22.1;2
10.10.2020;270;23.2;5
11.10.2020;204;23.9;2
12.10.2020;304;24.9;10
13.10.2020;449;27.2;5
14.10.2020;521;29;6
15.10.2020;555;30.6;2
16.10.2020;526;33.1;1
17.10.2020;418;35.4;0
18.10.2020;265;37.2;3
19.10.2020;360;38;2
20.10.2020;584;38.7;4
21.10.2020;854;40.4;11
22.10.2020;958;44.6;23
23.10.2020;770;49.6;11
24.10.2020;855;52.7;12
25.10.2020;401;58.1;9
26.10.2020;663;59.8;24
27.10.2020;1087;63.6;18
28.10.2020;1328;69.9;12
29.10.2020;1539;75.8;29
30.10.2020;1463;83.1;21
31.10.2020;1007;91.8;10
01.11.2020;717;93.7;6
02.11.2020;1021;97.6;10
03.11.2020;1302;102.1;19
04.11.2020;1578;104.8;22
05.11.2020;1435;107.9;11
06.11.2020;1482;106.6;17
07.11.2020;1289;106.9;14
08.11.2020;661;110.4;6
09.11.2020;907;109.7;13
10.11.2020;1368;108.3;20
11.11.2020;1636;109.1;34
12.11.2020;1682;109.8;31
13.11.2020;1420;112.9;21
14.11.2020;1093;112.1;22
15.11.2020;429;109.7;11
16.11.2020;841;106.8;19
17.11.2020;1328;105.9;46
18.11.2020;1598;105.4;40
19.11.2020;1673;105;23
20.11.2020;1461;104.9;27
21.11.2020;1035;105.4;22
22.11.2020;525;104.6;20
23.11.2020;732;105.8;20
24.11.2020;1183;104.5;24
25.11.2020;1413;102.7;30
26.11.2020;1454;100.4;34
27.11.2020;1017;97.6;19
28.11.2020;852;92.1;12
29.11.2020;372;89.8;9
30.11.2020;588;87.9;15
01.12.2020;1012;86.1;29
02.12.2020;1348;83.9;25
03.12.2020;1378;83.1;32
04.12.2020;1079;82.2;31
05.12.2020;908;82.9;20
06.12.2020;281;83.6;2
07.12.2020;845;82.5;25
08.12.2020;1114;85.7;34
09.12.2020;1447;87;31
10.12.2020;1693;88.2;60
11.12.2020;1277;92.2;35
12.12.2020;1165;94.6;28
13.12.2020;421;97.9;10
14.12.2020;901;99.6;28
15.12.2020;1292;100.3;55
16.12.2020;1956;102.5;39
17.12.2020;1766;108.9;62
18.12.2020;1523;109.8;50
19.12.2020;1374;112.9;40
20.12.2020;489;115.5;13
21.12.2020;1226;116.4;70
22.12.2020;1655;120.4;66
23.12.2020;2050;125;48
24.12.2020;1423;126.1;27
25.12.2020;803;121.8;30
26.12.2020;474;112.8;17
27.12.2020;340;101.6;25
28.12.2020;885;99.7;51
29.12.2020;1665;95.5;52
30.12.2020;2179;95.6;75
31.12.2020;1450;97.2;55
01.01.2021;520;97.5;13
02.01.2021;577;94;32
03.01.2021;384;95.3;27
04.01.2021;813;95.8;40
05.01.2021;1771;94.9;79
06.01.2021;2244;96.3;67
07.01.2021;1695;97.1;72
08.01.2021;1482;100.1;49
09.01.2021;1471;112.2;37
10.01.2021;344;123.3;15
11.01.2021;691;122.8;36
12.01.2021;1527;121.3;58
13.01.2021;1641;118.3;56
14.01.2021;1445;110.7;62
15.01.2021;1445;107.6;64
16.01.2021;1098;107.1;38
17.01.2021;527;102.5;27
18.01.2021;667;104.8;43
19.01.2021;1393;104.5;62
20.01.2021;1396;102.8;61
21.01.2021;1267;99.7;48
22.01.2021;1250;97.5;45
23.01.2021;891;95.1;29
24.01.2021;322;92.5;19
25.01.2021;416;89.9;31
26.01.2021;1163;86.8;51
27.01.2021;1454;83.9;64
28.01.2021;990;84.6;49
29.01.2021;1109;81.1;51
30.01.2021;942;79.4;32
31.01.2021;249;80;12
01.02.2021;433;79.1;26
02.02.2021;1069;79.3;35
03.02.2021;1165;78.1;39
04.02.2021;1030;74.5;43
05.02.2021;914;75;33
06.02.2021;865;72.6;32
07.02.2021;255;71.6;16
08.02.2021;267;71.7;12
09.02.2021;849;69.6;27
10.02.2021;1185;66.9;50
11.02.2021;1011;67.1;41
12.02.2021;1082;66.9;28
13.02.2021;533;69;11
14.02.2021;536;64.8;20
15.02.2021;418;68.3;9
16.02.2021;1070;70.2;23
17.02.2021;997;73;30
18.02.2021;873;70.6;14
19.02.2021;934;68.9;23
20.02.2021;961;67.1;13
21.02.2021;259;72.4;7
22.02.2021;384;69;14
23.02.2021;1036;68.5;18
24.02.2021;1152;68.1;29
25.02.2021;973;70;22
26.02.2021;1012;71.3;13
27.02.2021;704;72.3;13
28.02.2021;326;69.1;5
01.03.2021;324;69.9;13
02.03.2021;820;69.1;14
03.03.2021;1208;66.4;10
04.03.2021;873;67.1;13
05.03.2021;906;65.9;8
06.03.2021;933;64.6;11
07.03.2021;204;67.4;3
08.03.2021;427;65.9;11
09.03.2021;999;67.2;15
10.03.2021;1240;69.4;10
11.03.2021;1222;69.8;13
12.03.2021;1178;74.2;5
13.03.2021;1054;77.6;9
14.03.2021;336;79.1;7
15.03.2021;530;80.8;5
16.03.2021;1210;82.1;17
17.03.2021;1767;84.7;14
18.03.2021;1507;91.3;11
19.03.2021;1398;94.9;7
20.03.2021;1117;97.6;7
21.03.2021;353;98.4;6
22.03.2021;692;98.6;8
23.03.2021;1525;100.6;12
24.03.2021;2017;104.6;16
25.03.2021;2065;107.7;15
26.03.2021;1687;114.7;15
27.03.2021;1406;118.3;10
28.03.2021;449;121.9;3
29.03.2021;836;123.1;6
30.03.2021;1472;124.9;7
31.03.2021;1955;124.2;14
01.04.2021;1748;123.5;11
02.04.2021;1340;119.5;13
03.04.2021;683;115.2;5
04.04.2021;541;106.1;5
05.04.2021;334;107.3;3
06.04.2021;861;101;4
07.04.2021;1734;93.3;6
08.04.2021;1991;90.6;6
09.04.2021;1889;93.6;3
10.04.2021;1445;100.5;5
11.04.2021;427;110;2
12.04.2021;696;108.6;3
13.04.2021;1897;113.1;2
14.04.2021;2094;126.1;1
15.04.2021;1922;130.6;1
16.04.2021;1918;129.7;1
17.04.2021;1313;130.1;1
18.04.2021;415;128.4;0
19.04.2021;478;128.3;0
20.04.2021;100;125.6;0
